user_bias0 : -0.1633432396752006
user_bias1 : 0.511588536286562
user_bias2 : -0.21214791163075375
user_bias3 : -0.18047049164547724
Item Biasitem_bias0 : -0.9586836311563655
item_bias1 : 0.5414744611361665
item_bias2 : -0.3585863207219814
item_bias3 : 0.7074232002297433
